170 1933
152 1060
155 1195
131 343
198 4678
193 3680
167 1768
158 1375
180 2775
174 2271
179 2685
162 1573
144 770
123 154
147 834
149 992
190 3414
161 1459
194 3807
185 3100
134 521
156 1269
183 2870
138 704
199 4835
184 2988
172 2130
177 2465
164 1645
196 4277
148 905
187 3235
195 3879
165 2134
198 4895
139 521
193 4052
200 5219
180 2866
125 77
128 258
190 3560
161 1836
182 3112
194 4125
192 3871
184 3178
163 2067
172 2523
177 2785
140 639
150 1038
181 3025
167 2201
154 1387
174 2598
157 1510
149 837
197 4716
185 3294
199 5103
146 720
160 1706
153 1190
176 2690
132 433
169 2341
196 4409
195 4341
198 4361
180 2561
179 2478
186 2947
144 596
161 1409
182 2674
194 3646
134 303
192 3377
168 1609
191 3246
172 1816
178 2260
151 900
175 2012
150 719
189 3157
155 1024
142 527
158 1184
157 1093
133 191
126 118
197 3951
199 4473
137 446
164 1475
196 3870
198 4825
129 194
200 5045
179 2825
162 1801
186 3468
144 1155
190 3831
182 3137
194 4338
156 1533
192 4064
184 3231
191 3971
178 2668
151 1423
148 1347
140 709
189 3741
130 380
167 2040
143 954
158 1671
123 82
185 3357
199 4903
176 2545
137 628
173 2351
169 2252
164 1931
196 4654
195 4566
198 5545
139 412
200 6140
166 1756
136 271
179 2539
162 1364
186 3135
190 3729
182 2610
194 4522
192 4192
184 3057
135 207
191 3939
145 494
177 2379
151 782
175 2050
187 3330
152 873
189 3651
155 1068
122 68
157 1197
126 134
159 1278
183 2986
199 5995
146 703
164 1452
196 4843
171 1848
170 2359
198 5221
139 751
188 3810
193 4254
179 2865
162 1776
186 3565
128 168
190 4000
182 3119
194 4331
134 500
168 2264
184 3416
163 1841
191 4099
178 2787
148 976
150 1166
155 1380
131 265
181 3006
142 843
122 76
167 2108
158 1523
197 5031
159 1684
199 5843
176 2706
153 1268
173 2450
164 2029
196 4892
195 4689
170 2272
127 221
165 1814
198 5128
188 3416
129 288
193 4021
144 679
141 543
190 3803
161 1640
194 4109
168 1982
184 3213
135 434
172 2347
145 772
178 2593
152 1198
189 3729
155 1283
181 3007
122 117
167 1884
133 365
197 4824
159 1494
149 973
185 3300
199 5836
176 2528
173 2462
169 2171
164 1737
196 4412
195 4320
127 324
198 4928
188 3481
193 3975
200 5539
180 2603
186 3410
161 1801
182 2901
194 4268
168 2058
184 3097
163 1975
145 1096
175 2529
150 1233
152 1406
189 3558
181 2824
142 959
121 113
174 2417
157 1617
133 503
126 179
197 4505
159 1690
199 5451
137 602
173 2352
169 2136
132 422
196 4436
171 2226
195 4347
170 1940
198 4641
139 634
188 3070
180 2401
166 1769
162 1516
186 2902
144 756
182 2607
120 85
194 3982
134 326
192 3716
163 1658
191 3636
172 2013
145 837
175 2231
148 919
187 2967
124 214
189 3313
181 2488
197 4550
149 1075
185 2682
138 479
199 4734
160 1347
153 1156
173 2135
195 4221
170 1953
198 4585
193 3733
200 4661
180 2234
166 1679
162 1340
125 89
147 719
190 3438
161 1236
182 2704
194 4060
135 441
191 3665
175 2169
187 2910
189 3262
131 344
181 2479
143 605
174 2088
157 1040
159 1120
149 897
185 2841
138 530
173 2017
169 1820
164 1515
195 4227
198 5253
193 4131
200 5599
179 3025
144 750
147 910
128 71
194 4228
184 3217
135 433
163 2020
172 2531
178 2779
177 2677
187 3676
152 1075
189 3861
155 1394
131 273
142 678
158 1553
197 4987
185 3371
183 3139
138 612
199 5506
160 1781
153 1180
137 541
169 2383
164 2232
196 4806
171 2447
127 69
198 4620
193 3603
136 277
179 2541
190 3535
194 3776
168 1774
184 2868
145 594
187 3018
140 488
152 1087
189 3250
155 1156
181 2792
158 1398
174 2233
157 1223
133 136
149 953
199 5181
160 1479
176 2379
137 377
173 2064
164 1599
196 4261
171 1919
195 3858
188 3416
193 3803
200 5263
180 2545
166 1583
179 2434
186 3253
144 830
190 3530
161 1219
182 2746
194 3871
163 1389
191 3717
177 2342
151 1056
175 2179
187 3318
130 239
142 604
122 153
174 2088
154 1122
133 332
197 4262
183 2960
199 5191
146 932
137 538
169 1692
164 1515
171 1908
195 4000
170 1939
198 5011
188 3475
180 2684
166 1522
179 2605
186 3110
190 3735
182 2924
194 4006
163 1450
191 3830
178 2467
151 765
175 2245
187 3190
140 447
152 926
130 244
142 538
167 1671
121 90
174 2141
157 1129
183 3023
199 5598
146 606
153 990
137 318
173 2065
196 4411
165 1666
198 4677
193 3776
200 5445
180 2568
166 1750
136 623
186 3050
141 697
125 169
190 3431
194 4078
184 2840
191 3676
145 842
178 2498
177 2365
151 1172
175 2288
187 3254
150 1106
189 3339
155 1393
121 72
157 1466
197 4352
185 2922
199 5363
160 1537
146 931
153 1312
173 1992
169 1831
164 1601
132 374
196 4262
195 4158
198 4883
188 3015
166 1512
179 2276
162 1416
186 2864
141 611
194 3825
192 3633
168 1610
191 3569
172 1680
187 2950
140 443
150 1005
189 3134
130 282
181 2576
121 81
154 1099
133 346
197 4597
159 1185
149 929
123 152
183 2687
199 5459
160 1252
146 853
176 1971
173 1782
196 4127
195 4004
170 1603
198 4427
193 3715
200 5326
166 1508
162 1405
186 3004
190 3561
182 2841
192 3643
135 537
172 1971
145 883
178 2621
187 3073
140 614
124 264
189 3221
155 1211
130 384
181 2772
142 774
121 138
174 2149
154 1137
159 1284
185 2928
199 5257
176 2397
196 4035
171 1882
195 3866
165 1772
198 4356
139 487
193 3754
200 5336
166 1905
162 1692
147 690
182 3022
194 3865
134 339
192 3567
168 2054
184 3166
172 2213
145 552
178 2779
177 2678
187 3373
189 3499
155 850
131 235
122 69
174 2437
157 1041
126 144
197 4285
159 1227
149 770
199 5259
160 1450
196 4152
195 3967
170 2083
127 95
139 566
193 3846
180 2669
144 866
141 773
194 3935
156 1319
134 425
192 3719
168 1976
184 3018
163 1688
191 3562
178 2520
177 2424
189 3237
197 4426
149 1078
185 3091
183 2746
199 5266
160 1523
176 2351
196 4319
171 2280
198 4860
188 3581
193 4041
200 5263
180 2878
136 462
179 2804
162 1728
186 3275
125 69
190 3667
182 2956
194 4125
191 3737
178 2645
175 2537
148 1005
187 3392
167 2089
143 739
158 1487
154 1137
126 234
159 1648
183 3191
138 602
199 5121
146 834
173 2440
169 2173
164 1939
171 2310
195 4475
