3872
3872
2880
512
3616
3424
2112
3584
3360
3392
3264
1696
3328
3392
3296
3200
928
3296
3808
2880
384
4032
4096
2752
512
3424
3616
2496
480
3520
3840
2336
480
3840
3872
2720
736
3328
3744
3296
3168
1088
3616
3456
1696
3424
3616
1440
3776
3456
3360
3296
1696
3680
3840
2496
512
3488
3840
3264
928
3744
3808
2432
320
3648
3360
2880
928
3232
3456
1888
3968
3456
2656
896
3552
3552
2144
3968
4000
2976
3584
3552
2976
896
3872
3584
1824
3328
3456
2496
416
3360
3264
3264
3296
1408
3328
3328
2496
352
3296
3488
3296
3168
1120
3712
3712
2496
576
3744
3776
2400
480
3616
3488
2272
