132.3
142.921348314607
159.550561797753
166.370786516854
171.454545454545
170.942528735632
173.046511627907
176.686046511628
174.290697674419
176.872093023256
178.151162790698
176.209302325581
179.197674418605
183.244186046512
183.209302325581
185.209302325581
185.93023255814
187.372093023256
189.813953488372
190.732558139535
190.244186046512
194.337209302326
192.223529411765
193.117647058824
194.247058823529
194.658823529412
196.988235294118
196.094117647059
197.305882352941
195.623529411765
196.682352941176
198.541176470588
197.6
196.6
196.941176470588
197.823529411765
195.905882352941
193.717647058824
195.517647058824
197.719512195122
195.329268292683
194.345679012346
196.101265822785
193.189873417722
192.467532467532
189.283783783784
189.927536231884
190.409090909091
190.161290322581
189.068965517241
189.018181818182
188.358490566038
186.098039215686
187.577777777778
187.048780487805
186.564102564103
184.085714285714
184.071428571429
181.84
178.916666666667
176.545454545455
175.823529411765
175.8
175
181.636363636364
179.181818181818
176.4
178.444444444444
163.666666666667
160.2
162.2
162.5
162.666666666667
160.666666666667
158.666666666667
155.666666666667
153.666666666667
151.666666666667
160.5
149.5
151
213
212.5
218
225.5
217.5
205
161
161
156
158
132
132
260
258
255
307
293
276
253
