129.566666666667
145.3
161.166666666667
179
184.733333333333
190.9
190.766666666667
201.896551724138
189.965517241379
192.206896551724
190.068965517241
191
191.555555555556
189.111111111111
194.407407407407
188.925925925926
188.518518518519
195.222222222222
191.666666666667
195.37037037037
198.62962962963
200.148148148148
199.703703703704
199.074074074074
200.814814814815
199.185185185185
200.703703703704
193.962962962963
198.111111111111
194.481481481481
193.592592592593
192.777777777778
194.777777777778
197.703703703704
199.592592592593
201.62962962963
194.592592592593
194.592592592593
194
189.444444444444
190.769230769231
187.615384615385
187.038461538462
188
188.263157894737
194.066666666667
194.071428571429
192.153846153846
194.75
186.166666666667
188.25
183.454545454545
175.555555555556
172.428571428571
171.5
172.5
133
